0.05419921875
0.04443359375
0.04736328125
0.051513671875
0.05078125
0.048583984375
0.048095703125
0.046630859375
0.0419921875
0.051513671875
0.054443359375
0.047119140625
0.05224609375
0.05126953125
0.04833984375
0.0458984375
0.04345703125
0.0478515625
0.05029296875
0.04345703125
0.05224609375
0.227783203125
0.069091796875
-0.001220703125
0.109375
0.051025390625
0.00244140625
0.077880859375
0.06591796875
0.04248046875
0.0751953125
0.03271484375
0.0615234375
0.064453125
0.043701171875
0.058349609375
-0.084716796875
-0.00537109375
0.582763671875
0.052978515625
-0.002685546875
0.100341796875
0.068115234375
0.01513671875
-0.055908203125
0.052001953125
0.0634765625
0.069091796875
0.0341796875
0.063232421875
0.029541015625
0.05810546875
0.048828125
0.041748046875
0.052490234375
0.041015625
-0.1279296875
0.247802734375
0.017822265625
0.0458984375
0.01123046875
0.04150390625
0.064453125
0.017333984375
0.0458984375
0.05126953125
0.05810546875
0.05078125
0.046630859375
0.060546875
0.058837890625
0.05419921875
0.052734375
0.051513671875
0.05712890625
0.05224609375
0.0556640625
0.05859375
0.0498046875
0.052001953125
0.054443359375
0.049072265625
0.05419921875
0.051513671875
0.05517578125
0.050537109375
0.05908203125
0.05859375
0.05517578125
0.052490234375
0.056396484375
0.04638671875
0.054931640625
0.05517578125
0.056396484375
0.05419921875
0.05126953125
0.051025390625
0.05517578125
0.0576171875
0.058349609375
0.053466796875
0.046630859375
