0.037353515625
0.03076171875
0.0390625
0.03076171875
0.03564453125
0.036865234375
0.036376953125
0.03369140625
0.036865234375
0.03173828125
0.0341796875
0.031494140625
0.029541015625
0.041015625
0.034423828125
0.0380859375
0.03857421875
0.039794921875
0.0361328125
0.03857421875
0.030029296875
0.033447265625
0.03173828125
0.03759765625
0.0361328125
0.031494140625
0.038818359375
0.036376953125
0.039306640625
0.03125
0.034912109375
0.0380859375
0.0341796875
0.41259765625
0.0263671875
0.03662109375
0.036865234375
0.03759765625
0.03759765625
0.038330078125
0.0380859375
0.0439453125
0.032470703125
0.034912109375
0.02880859375
0.02783203125
0.031005859375
0.030029296875
0.0361328125
0.03662109375
0.0546875
0.04150390625
0.03857421875
0.020751953125
0.03271484375
0.02197265625
0.02783203125
0.038818359375
0.037353515625
0.043212890625
0.032470703125
0.037353515625
0.034912109375
-8.0
-0.518798828125
0.01123046875
0.0380859375
0.032958984375
0.034912109375
0.03466796875
0.03369140625
0.035400390625
0.037353515625
0.042236328125
0.03662109375
0.036376953125
0.041259765625
0.04052734375
0.03857421875
0.04296875
0.036865234375
0.0390625
0.03955078125
0.0400390625
0.0341796875
0.032470703125
0.0283203125
0.042236328125
0.034423828125
0.03564453125
0.04296875
0.029541015625
0.035400390625
0.037109375
0.03466796875
0.02734375
0.04052734375
0.0400390625
0.03076171875
0.036376953125
0.04052734375
0.03564453125
0.038330078125
-3.823486328125
-1.139404296875
0.109375
0.04541015625
0.03125
0.03076171875
0.03515625
0.047607421875
0.0380859375
0.0302734375
0.033447265625
0.037353515625
0.03466796875
0.036376953125
0.03271484375
0.03955078125
0.0341796875
0.04052734375
0.031494140625
0.044189453125
0.03515625
0.037353515625
0.033935546875
0.04150390625
2.326171875
0.19873046875
0.02001953125
0.037353515625
0.03466796875
0.03173828125
0.04345703125
0.0341796875
0.031005859375
0.0341796875
0.04150390625
0.037841796875
0.031982421875
0.03515625
3.22021484375
1.307861328125
0.312744140625
0.072021484375
0.043212890625
0.034912109375
0.033203125
0.037353515625
0.034423828125
0.042236328125
0.0380859375
7.999755859375
1.47802734375
-0.086669921875
-0.03173828125
0.022216796875
0.042236328125
0.036865234375
0.035888671875
0.039794921875
0.0390625
0.040771484375
0.033447265625
0.04052734375
0.03759765625
0.037353515625
0.034423828125
0.041015625
0.040283203125
0.03759765625
0.0380859375
0.044677734375
0.0390625
0.037109375
0.032958984375
0.0439453125
0.0341796875
0.03759765625
0.037353515625
0.042724609375
0.039794921875
0.03515625
0.0390625
0.03662109375
0.033447265625
0.029541015625
0.038330078125
0.03662109375
0.039794921875
0.035888671875
0.040771484375
0.03759765625
0.032958984375
0.038818359375
0.039306640625
0.0361328125
0.0380859375
0.038330078125
0.043212890625
0.03466796875
0.044921875
0.03759765625
0.0400390625
0.033447265625
0.02880859375
0.03125
0.031005859375
0.03076171875
0.040283203125
0.03759765625
0.029296875
0.034423828125
0.03564453125
0.041748046875
0.034912109375
0.039306640625
0.0380859375
0.028564453125
0.037109375
0.05029296875
0.031982421875
0.0244140625
0.04150390625
0.032958984375
0.032470703125
0.037109375
0.03369140625
0.033935546875
0.033935546875
0.041259765625
0.03857421875
0.032470703125
0.069091796875
0.037841796875
0.03271484375
0.03564453125
0.039794921875
0.03076171875
0.03515625
0.027099609375
0.07470703125
0.03857421875
0.0390625
0.03564453125
0.034912109375
0.038818359375
0.038818359375
0.03759765625
0.03515625
0.036865234375
0.038818359375
0.0361328125
0.0419921875
0.033203125
0.040771484375
0.0341796875
0.034912109375
0.034423828125
0.037109375
0.038330078125
